tree
version=v4
num_class=3
num_tree_per_iteration=3
label_index=0
max_feature_idx=92
objective=multiclass num_class:3
feature_names=Column_0 Column_1 Column_2 Column_3 Column_4 Column_5 Column_6 Column_7 Column_8 Column_9 Column_10 Column_11 Column_12 Column_13 Column_14 Column_15 Column_16 Column_17 Column_18 Column_19 Column_20 Column_21 Column_22 Column_23 Column_24 Column_25 Column_26 Column_27 Column_28 Column_29 Column_30 Column_31 Column_32 Column_33 Column_34 Column_35 Column_36 Column_37 Column_38 Column_39 Column_40 Column_41 Column_42 Column_43 Column_44 Column_45 Column_46 Column_47 Column_48 Column_49 Column_50 Column_51 Column_52 Column_53 Column_54 Column_55 Column_56 Column_57 Column_58 Column_59 Column_60 Column_61 Column_62 Column_63 Column_64 Column_65 Column_66 Column_67 Column_68 Column_69 Column_70 Column_71 Column_72 Column_73 Column_74 Column_75 Column_76 Column_77 Column_78 Column_79 Column_80 Column_81 Column_82 Column_83 Column_84 Column_85 Column_86 Column_87 Column_88 Column_89 Column_90 Column_91 Column_92
feature_infos=[2.343106746673584:178.1036376953125] [2.4569659681003269:179.01368336177322] [2.343106746673584:175.27566230322219] [2.3787631319478337:178.71033907372009] [41000000:2622057200] [3.180195530144303:97.487589551191363] [-6.4828828111666894:7.3254461884524034] [0.0045576110889383997:0.074093348926051406] [-0.19532940813938149:0.21934594333267121] [-1:1] [11.113184928894045:331.23138427734369] [11.457949638566454:337.56420853417592] [10.90779200144191:330.35291475682118] [11.149862247713038:332.68902516522752] [7425600:319317900] [9.4559710412185041:99.111643005440882] [-9.1440243391352833:10.116572434111902] [0.0034869304571151999:0.071274458346339997] [-0.11078124833437369:0.173883211688353] [10.434157371520996:153.18013000488281] [11.346326719159403:154.23240597819722] [9.8172956034808916:152.07439594599043] [10.086352292693158:154.00947524277967] [3324300:217294200] [3.4722752582759422:97.602183752859673] [-10.557102579386566:5.1593287859715389] [0.0038155922721854999:0.1059644022382243] [-0.23201875032363881:0.26669979252365689] [-1:1] [49.808567047119141:450.64443969726562] [51.190715930905981:452.78581476584628] [49.06995489334205:449.0879146544429] [49.691557018334201:452.06886482401148] [20270000:871026300] [3.9899474651378739:100] [-21.555608297982587:8.92834706151109] [0.0020098473256695:0.060422403482761497] [-0.024634387240041598:0.17565018563893009] [-1:1] [70:193.88999938964844] [71.889999389648438:194.44999694824219] [66:192.52000427246091] [69.300003051757812:193.74000549316409] [1501600:93804200] [5.0106713863692534:99.119892970390595] [-5.4048728656169942:6.6911422718847575] [0.0028724657468173001:0.040138751401655702] [0.0014771860881035001:0.20069551052144691] [-1:1] [9.1400003433227539:82.69000244140625] [9.3100004196166992:89.529998779296875] [8.5600004196166992:72.760002136230469] [9.0100002288818359:82.69000244140625] none [1.0835866007873562:91.666661687164478] [-5.450254300959152:14.577704716716717] [0.0250983600313501:0.29432257682768431] [2.2126604230287223:4.415098705258881] [0.49900001287460322:4.2610001564025879] [0.53799998760223389:4.3239998817443848] [0.39800000190734858:4.2069997787475586] [0.48399999737739557:4.255000114440918] none [1.2903278260660755:90.935695956153239] [-0.3274979659731731:0.20410190241801901] [0.0060552070477927003:0.20468915249381631] [-0.81826805771852884:0.50037031550979794] [71.870002746582031:108.54000091552734] [72.040000915527344:109.29000091552734] [71.30999755859375:108.1999969482422] [71.739997863769531:108.66999816894533] none [8.275864488112461:100] [-1.3723688026576184:2.0514350441877269] [0.0012972580854122:0.0128912865537055] [1.0412974745880359:1.1926650537170618] [5.1995797157287598:85.483741760253906] [5.4176306311342284:85.672472383487573] [5.1010295556481049:84.825619512064392] [5.2626544607487054:85.643438609331298] [3073000:136539000] [5.3232286817455758:99.538755199882416] [-2.9149283967157018:2.0923957690243071] [0.0029260486269769002:0.067775608118082101] [-0.1160363499828047:0.1283426171986827] [3.6804323196411128:38.462478637695312] [3.8412271534111553:38.722488682597181] [3.5017702069782568:38.276762107289073] [3.6030107111585319:38.536768083710413] [9107923:1050592272] none none none
tree_sizes=6572 6591 6570

Tree=0
num_leaves=63
num_cat=0
split_feature=38 9 73 38 5 34 19 16 9 6 55 61 67 25 64 59 77 16 89 36 73 16 24 37 60 83 17 16 34 67 7 7 46 83 58 24 7 50 18 39 25 10 36 17 17 8 44 15 34 67 73 16 83 50 64 47 54 1 18 37 5 89
split_gain=800.658 48.6543 34.9225 27.4927 25.5585 24.001 20.8446 15.1318 13.9336 13.3062 14.8036 12.4758 14.2723 12.2137 12.6775 9.58145 17.1124 12.011 10.4904 9.99902 16.1115 8.81313 8.68013 8.56432 10.0368 8.38704 14.7414 8.02498 8.72161 10.0855 7.83499 18.5082 15.0252 17.7397 10.1751 8.41579 7.79116 6.35168 5.79476 5.6738 5.66145 5.35813 5.89641 12.0905 10.2079 4.8915 4.7711 4.5305 4.3174 4.23867 3.87611 3.48445 3.35084 9.01923 5.71516 7.66666 2.98144 2.58135 3.20039 2.49148 2.35736 2.29145
threshold=-1.0000000180025095e-35 -1.0000000180025095e-35 -0.098893924083469587 1.0000000180025095e-35 72.534110614095454 32.755818809835681 36.647748947143562 -0.22693942876419987 -1.0000000180025095e-35 2.7109836335682549 -0.32444056455965853 2.2419999837875371 78.465000152587905 -1.1433000231660235 -0.012775369843024997 3.5555000305175786 9.8666203634140732 0.33930257505808209 22979815.500000004 0.004339331282352101 -0.16731116516341157 -0.15881850162053543 33.330337437809931 0.13174293693258041 2.964499950408936 0.013932756397067753 0.015255606030210051 0.25200560711888903 55.392420733946722 94.74499893188478 0.015676135585198304 0.012233987908710152 0.0089551626050837514 0.0093698710421537528 1.6315000057220461 66.164826977871982 0.020468083382171254 22.515000343322757 0.037649675563849704 181.54499816894534 0.49397243963313114 19.162343025207523 0.0078974142891025511 0.012098536213769601 0.014102342926740351 0.068924967615714067 20.066770283590468 75.409885489497782 57.732442803122858 97.645000457763686 0.50882959978479658 -0.28038252472618364 0.0086286504397092029 22.994999885559086 0.043033093683443858 0.11044178391699326 50.964919983338852 17.363788973242013 0.035390905099205762 0.11186400168407611 85.875469552567395 90933170.000000015
decision_type=2 2 2 2 2 2 2 2 2 2 2 2 2 2 2 2 2 2 2 2 2 2 2 2 2 2 2 2 2 2 2 2 2 2 2 2 2 2 2 2 2 2 2 2 2 2 2 2 2 2 2 2 2 2 2 2 2 2 2 2 2 2
left_child=4 2 11 5 8 6 21 -7 41 10 38 40 -13 14 48 18 17 56 -15 20 -20 -3 36 24 50 26 27 46 -29 -30 31 59 37 35 -35 -34 -21 49 -6 -32 -2 -1 43 -43 -45 -37 -10 -22 -9 -33 -4 -27 53 54 61 -56 -17 58 -48 -24 -61 -5
right_child=1 3 23 52 9 7 -8 13 25 -11 -12 12 -14 15 -16 16 -18 -19 19 22 47 -23 30 -25 -26 51 -28 28 29 -31 39 32 33 34 -36 45 -38 -39 -40 -41 -42 42 -44 44 -46 -47 57 -49 -50 -51 -52 -53 -54 -55 55 -57 -58 -59 -60 60 -62 -63
leaf_value=-1.0669728039472872 -1.0741266871201693 -1.0836303212688738 -1.125179882069284 -1.1272014666443133 -1.1286123322432438 -1.1262233447519374 -1.1220162699666147 -1.0898791505915226 -1.1286123332020273 -1.0482230007068298 -1.0684907423535841 -1.0635159373052929 -1.1168844807812333 -1.0851151027267627 -1.0522976423246466 -1.1286123326251045 -1.0522976423246466 -1.0809008004297604 -1.0730354802214475 -1.1130188416210571 -1.1286123323311712 -1.040900209425752 -1.104783305634234 -1.0871456975983642 -1.0879615127767708 -1.0638353483145335 -1.1016362966738784 -1.0589417430319468 -1.1099875436975912 -1.0662577601743755 -1.1253599152498848 -1.1267726282227313 -1.1011296503813779 -1.0840860178595155 -1.1251547239320585 -1.0457452868258503 -1.0666291601781992 -1.0892127842202217 -1.0938091217270345 -1.0922906926193665 -1.0456163092209607 -1.0482327892485721 -1.0437255743208445 -1.0603774720726167 -1.1088715064843959 -1.0779507015510643 -1.0691250057883843 -1.094893660161 -1.1286123328047739 -1.0994464381219264 -1.0990319144544962 -1.0446360284768739 -1.1270582123902764 -1.0879719266699577 -1.091118433309433 -1.1286123320901602 -1.0993281421462342 -1.0430746547050391 -1.0434966701431871 -1.128612332268673 -1.1088715064843959 -1.1127269136407045
leaf_weight=16.290110275149345 13.00868980586529 10.504745289683344 34.415984556078911 83.729578405618668 7.4600349068641689 74.172294348478317 8.9546715915203077 6.0997385978698748 0.75321418046951194 8.8169268518686277 15.718964591622351 8.1661993861198443 10.072701185941694 10.863325655460356 6.1917904764413825 13.94749385118485 6.1917904764413825 9.9037812054157239 12.753274574875833 7.5756701380014402 11.293217495083811 7.4074285775423077 4.9574472308158866 12.819707840681074 10.170988112688063 13.677443996071814 10.947785645723341 17.803452104330063 9.5140255987644213 9.4725325256586057 108.96308474242687 32.106017217040062 8.596769645810129 7.9591906964778927 17.08278226852417 7.1277515739202526 5.717574879527092 5.9965734630823126 10.182779788970945 4.8785438686609259 12.098347321152685 52.173170119524002 87.672826409339905 11.253081262111666 5.9841033667325965 10.492953613400458 11.914921984076502 5.2551509588956824 4.5012583583593369 6.0754768252372733 5.9903384149074546 22.507519364356995 152.02326132357121 7.266853153705596 11.027367427945139 8.8452714085578901 4.0339562296867362 15.191464245319365 6.9394480288028708 60.348355025053024 5.9841033667325965 11.1546773314476
leaf_count=37 32 33 111 248 28 324 32 21 4 17 35 21 34 32 13 61 13 24 35 28 44 12 17 37 25 31 37 38 30 24 465 123 27 23 65 13 14 19 29 17 22 89 151 26 21 29 32 19 21 19 20 40 430 16 31 31 15 26 12 229 21 30
internal_value=-1.09861 -1.11382 -1.09486 -1.11649 -1.05917 -1.1122 -1.08464 -1.11382 -1.05602 -1.081 -1.08966 -1.07411 -1.09299 -1.11143 -1.0864 -1.11257 -1.09741 -1.10743 -1.11411 -1.11509 -1.09838 -1.06596 -1.11675 -1.10905 -1.1146 -1.06394 -1.06922 -1.06426 -1.07403 -1.08817 -1.11788 -1.11373 -1.10509 -1.09404 -1.1121 -1.0768 -1.09307 -1.11792 -1.10853 -1.12394 -1.06039 -1.0506 -1.0489 -1.05543 -1.07721 -1.06492 -1.05393 -1.1179 -1.10633 -1.12242 -1.1213 -1.05189 -1.12409 -1.12038 -1.12244 -1.10781 -1.12204 -1.05228 -1.05969 -1.1253 -1.12683 -1.1255
internal_weight=1201 866.726 106.743 759.983 334.274 485.936 26.8668 459.069 292.095 42.1787 33.3618 43.3459 18.2389 384.897 16.7928 368.104 34.077 27.8852 334.027 323.164 29.3016 17.9122 293.862 63.397 50.5773 118.722 82.5368 71.5891 36.79 18.9866 280.569 166.727 95.4375 51.2594 25.042 26.2175 13.2932 44.1781 17.6428 113.842 25.107 173.373 157.083 69.4104 17.2372 17.6207 34.799 16.5484 10.601 38.1815 40.4063 36.185 274.047 122.024 114.757 19.8726 17.9815 34.0458 18.8544 71.2899 66.3325 94.8843
internal_count=3603 2896 302 2594 707 1808 77 1731 598 109 92 109 55 1407 55 1352 113 100 1239 1207 98 45 1109 193 156 274 203 166 92 54 1067 585 318 157 88 69 42 161 57 482 54 324 287 136 47 42 74 63 42 142 131 71 786 356 340 62 76 70 44 267 250 278
is_linear=0
shrinkage=1


Tree=1
num_leaves=63
num_cat=0
split_feature=38 38 17 17 34 70 86 17 36 75 56 44 26 69 17 80 61 44 43 56 72 82 17 49 80 17 8 6 63 1 63 72 81 16 36 89 78 45 17 8 55 7 43 65 36 17 82 77 16 26 17 17 75 7 26 65 5 25 20 2 17 5
split_gain=153.58 132.882 90.0046 24.3459 23.8478 20.7804 17.8114 16.2454 22.6062 15.8421 14.9896 13.9635 13.7135 13.7105 12.3166 13.138 12.7977 12.1236 11.796 10.6563 20.9345 11.1986 10.1423 9.37487 8.599 14.3459 19.323 8.18315 7.85357 14.983 12.2887 10.0088 8.47141 7.84411 7.69678 7.64722 7.42365 7.36284 7.3523 10.4312 8.62657 6.99291 6.96605 6.94851 6.69872 11.9964 8.58125 8.23968 6.40076 6.37469 6.27268 6.17276 13.7833 6.95379 7.71408 11.9886 5.90842 5.74595 5.74134 11.8399 5.73472 5.59853
threshold=-1.0000000180025095e-35 1.0000000180025095e-35 0.022565737075553954 0.011612352479247851 36.402508925935585 100.45999908447267 15.1110859228262 0.0083387139982107512 0.0037322013619167003 1.0778784339830805 0.054549330524894753 75.915062979161704 0.009248168079307402 85.074996948242202 0.019058005224726452 10993000.000000002 0.79050001502037059 80.080173641145322 24519350.000000004 0.084341189571977768 42.622038235210447 0.069199565202287816 0.021786367678146606 22.020000457763675 22126700.000000004 0.022773370117865153 0.044713661895741753 2.6181166712266735 46.872183432243723 23.238954089055856 72.911186312229219 63.606263827464581 48.32592573416597 0.064081144044422403 0.022726154300270651 55192950.000000007 10.652661247811695 0.36775304430210559 0.021474184206484701 0.056205527096883055 0.81519512396228155 0.016069868009718553 5698650.0000000009 0.021582697838649103 0.0063218878609584009 0.011878068856363852 0.091994135096536714 10.79969953569956 -0.24293413390764221 0.0097027238298311013 0.012098536213769601 0.010600641195370903 1.0834547903789631 0.0092648074851146515 0.013753981058517802 0.013475623929708453 56.479537965451328 1.2386178069649125 43.713077162142817 15.470925259900207 0.0093454163074888508 56.714701038863417
decision_type=2 2 2 2 2 2 2 2 2 2 2 2 2 2 2 2 2 2 2 2 2 2 2 2 2 2 2 2 2 2 2 2 2 2 2 2 2 2 2 2 2 2 2 2 2 2 2 2 2 2 2 2 2 2 2 2 2 2 2 2 2 2
left_child=24 2 3 5 -5 17 13 -3 -9 11 22 56 -11 18 15 -14 -16 19 -4 33 -21 -22 23 43 25 44 -27 28 29 36 31 35 -31 -2 -15 37 -17 41 48 -40 -41 -30 -23 49 45 47 -47 -1 -12 -10 -45 53 -53 -35 55 -55 -6 -54 59 -50 -51 -61
right_child=1 7 6 4 9 -7 -8 8 10 12 38 -13 14 34 16 27 -18 -19 -20 20 21 42 -24 -25 -26 26 -28 -29 30 32 -32 -33 -34 51 -36 -37 -38 -39 39 40 -42 -43 -44 50 -46 46 -48 -49 58 60 -52 52 57 54 -56 -57 -58 -59 -60 61 -62 -63
leaf_value=-1.0386122682870604 -1.116341837587465 -1.1242943111564581 -1.0465788765354687 -1.1077718251882187 -1.0883967822075249 -1.0467627197507721 -1.0421395415755901 -1.0560140818149397 -1.0991762147655304 -1.0386122682870604 -1.1236955689894645 -1.058460816471354 -1.0985724123867722 -1.1163684107111955 -1.0929155730069711 -1.0717647312131018 -1.0436334590405276 -1.0593615487802959 -1.0944535063403273 -1.1123238338627111 -1.0990575313858892 -1.0782568643444037 -1.0544300672169125 -1.1161894740880569 -1.121670728057734 -1.1099932625352453 -1.0386122682870604 -1.1009399289816579 -1.1034348706238644 -1.0910658127992845 -1.0917623180177844 -1.0386122682870604 -1.0523607237872759 -1.1147350534051661 -1.0708200523741167 -1.0583672142668967 -1.104793460809752 -1.0570769249418537 -1.1125594338485412 -1.0463688762516974 -1.1025414369041993 -1.0682268796275034 -1.0386122682870604 -1.1201648728473492 -1.1191031469436523 -1.1001917076846277 -1.0504555462411931 -1.1143969769909241 -1.1106700713881366 -1.089614168130385 -1.0825436518041966 -1.1153570763959817 -1.0553286605288301 -1.1089965411185028 -1.1108459129768176 -1.0708388947698713 -1.1177025682104624 -1.0969120860908168 -1.1151968059671749 -1.0573380467729245 -1.0525929788579145 -1.1000010304484651
leaf_weight=1.3181248158216465 34.528777912259102 47.098158359527588 20.865640059113506 30.901364296674728 9.2710807621479052 7.2469082325696936 45.27243272960186 8.1703992336988431 9.7874677330255526 8.0970524400472623 41.362673699855804 6.2811286747455588 31.593023300170898 6.9207433015108091 6.6466227471828487 8.0492073744535428 16.552685245871544 6.8522744178771964 5.9536065459251395 16.647217154502869 7.4544783979654339 6.7310825586318996 5.2544725388288489 17.734749868512154 136.72035831212997 9.1021611392497999 5.4608028084039679 12.24856263399124 12.789211437106138 7.6732788830995586 18.396029233932495 11.486516252160071 15.113368570804594 31.752069801092148 6.4514054954051971 29.674975320696831 25.614359021186829 9.0025167167186719 13.724376752972605 5.3576376736164075 4.550343319773674 8.4195793569087964 9.7917843461036664 10.031091347336771 105.15081135928631 8.3482683598995191 4.9872656911611548 63.186036184430122 32.114732176065445 6.5185171812772742 6.6216823160648337 8.9497937411069888 9.9440344423055631 12.959488257765772 20.985790997743607 17.307139322161674 18.641010046005249 4.2769013643264762 70.74298632144928 6.6577357649803144 8.9173783063888532 4.7386468648910522
leaf_count=7 82 107 105 81 31 36 234 38 30 43 95 29 94 15 21 33 85 31 20 43 23 26 25 44 253 21 29 35 36 25 61 61 73 77 27 135 73 42 37 27 14 36 52 23 210 23 24 140 88 23 25 21 47 34 53 72 42 14 183 31 43 15
internal_value=-1.09861 -1.09195 -1.08342 -1.08845 -1.08288 -1.09661 -1.05504 -1.10812 -1.1051 -1.07987 -1.10674 -1.09887 -1.07693 -1.06958 -1.07839 -1.08091 -1.05775 -1.09853 -1.05721 -1.10001 -1.08648 -1.06853 -1.09439 -1.09791 -1.11589 -1.11188 -1.08323 -1.07739 -1.07541 -1.08418 -1.0699 -1.06426 -1.06539 -1.10392 -1.09439 -1.06918 -1.0969 -1.07981 -1.11122 -1.09562 -1.07217 -1.08946 -1.05476 -1.09017 -1.11416 -1.10749 -1.08159 -1.11285 -1.11358 -1.08024 -1.10521 -1.09988 -1.08619 -1.1037 -1.09687 -1.08718 -1.10797 -1.06783 -1.10992 -1.10135 -1.06823 -1.07508
internal_weight=1201 866.726 567.343 481.879 286.452 195.428 85.4638 299.383 252.285 255.55 244.114 34.1932 221.357 40.1914 213.26 190.061 23.1993 188.181 26.8192 181.329 40.6246 23.9773 64.8654 59.6109 334.274 197.553 14.563 158.468 146.219 56.4502 89.7688 71.3728 22.7866 140.704 13.3721 59.8863 33.6636 30.2113 179.249 23.6324 9.90798 21.2088 16.5229 41.8761 182.991 77.8397 13.3355 64.5042 155.617 25.2234 16.6528 106.175 23.1707 83.0045 51.2524 30.2666 27.9121 14.2209 114.254 43.5111 15.4359 11.3964
internal_count=3603 2896 2048 1647 1036 611 401 848 741 955 703 102 853 167 810 704 106 575 125 544 144 101 213 188 707 454 50 610 575 204 371 310 98 400 42 249 106 114 490 78 41 72 78 144 404 194 47 147 412 96 48 318 82 236 159 106 73 61 317 134 66 46
is_linear=0
shrinkage=1


Tree=2
num_leaves=63
num_cat=0
split_feature=38 38 17 9 56 17 64 59 11 49 45 15 33 22 6 17 15 47 63 74 89 75 17 67 66 29 10 45 74 27 44 64 44 89 42 56 82 16 78 67 81 16 73 47 65 66 14 74 34 54 43 56 27 42 45 9 80 17 20 60 72 59
split_gain=470.997 75.93 42.7799 28.1638 27.6025 23.9555 19.2017 15.1786 14.8055 11.9537 13.1007 11.3574 11.2953 11.0913 18.4728 10.298 16.6641 13.8265 12.8908 12.7723 10.7513 12.7856 10.2143 13.5217 9.97369 9.74007 10.5952 9.31572 11.4275 9.03751 8.13995 8.0255 7.56059 8.01834 7.44395 7.33229 7.29544 15.3402 7.76182 22.4265 7.20993 7.07591 7.01266 6.98989 12.4325 8.12657 8.19979 6.83273 6.79895 6.49451 6.48205 11.0252 5.93611 5.84282 5.55549 5.3635 5.36052 5.31628 7.2703 5.3045 5.06235 4.85991
threshold=1.0000000180025095e-35 -1.0000000180025095e-35 0.018451865123167904 1.0000000180025095e-35 0.056292136300487357 0.0084200535086088515 -0.015824833028869247 3.8975000381469731 19.530139576812079 26.82499980926514 1.3238525465464337 63.672140397688189 194647200.00000003 85.144695575991889 0.10005098457844537 0.012003550185798502 56.777397159824424 0.08324935444016951 68.969857149445644 0.0025956338144979504 40413500.000000007 1.130157958823383 0.0076872030875548012 94.49499893188478 0.27622472507024182 80.877944946289077 13.926198959350588 -0.021176761348293344 0.0032326155366049006 0.10893628700455292 45.980879754605674 -0.011508500355314999 39.867076050292695 43219150.000000007 85.705001831054702 0.072833379868270362 0.54305359590253854 3.0503487758221302 8.6892658448244351 76.844997406005874 30.532064180713913 0.50992354800365913 0.23754783276381627 0.10804597677134352 0.024817609026351401 0.1214828023917963 27822150.000000004 0.0052475780716634514 79.125808352733813 45.151964448783758 9544000.0000000019 0.080403028515212069 0.10056676843932007 109.5550003051758 -2.2874659957850336 1.0000000180025095e-35 16045100.000000002 0.010161409860685902 68.612749798035523 1.5970000028610232 51.080146967342216 2.6974999904632573
decision_type=2 2 2 2 2 2 2 2 2 2 2 2 2 2 2 2 2 2 2 2 2 2 2 2 2 2 2 2 2 2 2 2 2 2 2 2 2 2 2 2 2 2 2 2 2 2 2 2 2 2 2 2 2 2 2 2 2 2 2 2 2 2
left_child=1 22 3 7 5 -2 12 15 25 10 32 29 59 14 34 16 18 -17 20 48 -3 27 23 -1 50 26 -4 28 -22 61 54 47 33 -7 -6 -29 38 -38 39 -24 -41 -36 52 44 -32 46 -45 57 -18 -34 51 -16 -13 -47 -19 -51 -48 58 -21 -5 -57 -8
right_child=4 2 8 6 13 9 11 -9 -10 -11 -12 42 -14 -15 24 17 19 30 -20 31 21 -23 36 -25 -26 -27 -28 35 -30 -31 43 -33 49 -35 41 -37 37 -39 -40 40 -42 -43 -44 45 -46 53 56 -49 -50 55 -52 -53 -54 -55 -56 60 -58 -59 -60 -61 -62 -63
leaf_value=-1.0685662603413983 -1.0526871239466891 -1.0693648170568344 -1.0859806615849723 -1.0893348352360921 -1.1024557978154357 -1.0640817043942139 -1.1131582353748035 -1.0596389911972555 -1.1235489930650382 -1.05656708099731 -1.0637435513948663 -1.1159524332501893 -1.1081316048181735 -1.049375788871397 -1.1082538415391254 -1.0520018429724332 -1.0985827990755648 -1.0948311894330138 -1.055294827695876 -1.0708915368607581 -1.1084163221535348 -1.1286122661428557 -1.0620270245401204 -1.1189659432811423 -1.1207043876043226 -1.0721213098023135 -1.1238582904041823 -1.1189056651151075 -1.058022347072014 -1.062134319079735 -1.0639948663249408 -1.1244766376216615 -1.0852414970733497 -1.1036646901272302 -1.0530697757071841 -1.082463509785319 -1.0829922441856277 -1.1246715431724525 -1.125691957590262 -1.0816040687441406 -1.1271051734401736 -1.082463509785319 -1.1286122658245192 -1.1169584866258488 -1.1211115063032102 -1.0854982497526025 -1.0667310778727541 -1.0706447704195432 -1.0524216619255002 -1.1256827553175255 -1.0623808180043017 -1.0563048047997634 -1.0846991488593893 -1.1171229665480364 -1.1227321244415034 -1.0822755454633448 -1.0975966842254037 -1.1247953415698353 -1.1143208665676989 -1.0593913806316388 -1.1208395350579561 -1.0829626658504865
leaf_weight=7.6129636019468334 24.630435436964035 14.028315648436545 10.722750350832941 6.3482403606176367 3.1775770336389533 10.3038547039032 8.0672340989112907 7.2301214039325705 98.490662679076195 10.382758006453512 12.812677368521689 9.8477830141782778 6.0872686207294455 66.083125457167625 10.206363379955294 3.7971291393041602 6.9193861037492734 7.3811316043138495 9.6357789337635023 5.7597464919090333 6.1730856299400285 10.436955481767653 6.865305930376052 12.924230709671972 5.2551511377096167 8.0920572280883771 17.483089953660965 12.843970209360132 11.774229615926741 11.8773947507143 9.0037566125392896 30.14567032456398 10.540003314614294 8.3288844376802427 81.417095705866814 8.1045274436473829 12.753157988190649 21.091109231114388 241.91653494536877 3.5361573994159725 27.574368864297867 8.1045274436473829 10.243095427751539 10.697927221655847 5.5403847098350516 5.783329725265502 8.7303146570920962 5.0183239281177512 4.9089236855506897 14.185678258538246 15.686315506696699 5.7472762763500205 12.302525505423544 57.872417002916336 49.471542969346046 7.1748013347387314 12.058901891112326 10.887587964534758 8.7235182523727399 33.019517853856087 5.3465246558189392 11.834544897079466
leaf_count=17 58 38 36 25 9 29 36 16 441 29 39 38 23 163 37 10 27 28 24 14 16 43 18 27 19 27 80 39 31 33 25 111 40 32 210 25 30 42 507 8 58 25 37 45 23 22 25 14 13 54 47 16 39 217 178 24 46 34 37 93 17 39
internal_value=-1.09861 -1.10944 -1.10276 -1.09816 -1.06601 -1.07852 -1.08502 -1.10262 -1.11751 -1.08657 -1.0911 -1.09559 -1.0701 -1.05938 -1.06448 -1.1036 -1.09774 -1.10861 -1.08762 -1.10794 -1.09254 -1.09913 -1.12078 -1.10028 -1.08243 -1.10113 -1.10946 -1.09122 -1.07536 -1.08284 -1.1099 -1.11351 -1.09738 -1.08178 -1.05733 -1.10481 -1.12212 -1.10897 -1.12371 -1.1111 -1.12193 -1.05573 -1.10809 -1.10512 -1.08575 -1.10808 -1.09562 -1.10263 -1.07943 -1.10518 -1.07607 -1.08954 -1.09859 -1.11425 -1.11911 -1.11305 -1.08463 -1.10896 -1.09705 -1.06422 -1.09874 -1.0952
internal_weight=1201 901.617 567.343 432.555 299.383 103.706 109.628 322.927 134.789 79.0752 68.6924 64.1726 45.455 195.677 129.594 315.697 145.36 170.337 72.9969 72.3632 63.3611 49.3328 334.274 20.5372 36.8951 36.2979 28.2058 38.8958 17.9473 31.7792 166.54 60.5348 55.8797 18.6327 92.6992 20.9485 313.737 33.8443 279.892 37.9758 31.1105 89.5216 32.3934 109.687 14.5441 95.1429 31.4871 30.3892 11.8283 37.247 31.64 15.9536 22.1503 63.6557 56.8527 26.707 20.7892 25.3709 14.4833 39.3678 12.5213 19.9018
internal_count=3603 2755 2048 1464 848 322 363 1101 584 264 235 222 141 526 363 1085 466 619 216 250 192 154 707 44 119 143 116 111 47 108 609 210 196 61 244 64 663 72 591 84 66 235 114 403 48 355 116 99 40 135 100 53 77 239 206 95 71 85 51 118 41 75
is_linear=0
shrinkage=1


end of trees

feature_importances:
Column_17=19
Column_16=9
Column_38=6
Column_7=5
Column_34=5
Column_36=5
Column_44=5
Column_56=5
Column_67=5
Column_89=5
Column_5=4
Column_9=4
Column_45=4
Column_64=4
Column_73=4
Column_6=3
Column_8=3
Column_15=3
Column_25=3
Column_26=3
Column_43=3
Column_47=3
Column_59=3
Column_63=3
Column_65=3
Column_72=3
Column_74=3
Column_75=3
Column_80=3
Column_82=3
Column_83=3
Column_1=2
Column_10=2
Column_18=2
Column_20=2
Column_24=2
Column_27=2
Column_37=2
Column_42=2
Column_49=2
Column_50=2
Column_54=2
Column_55=2
Column_60=2
Column_61=2
Column_66=2
Column_77=2
Column_78=2
Column_81=2
Column_2=1
Column_11=1
Column_14=1
Column_19=1
Column_22=1
Column_29=1
Column_33=1
Column_39=1
Column_46=1
Column_58=1
Column_69=1
Column_70=1
Column_86=1

parameters:
[boosting: gbdt]
[objective: multiclass]
[metric: multi_logloss]
[tree_learner: serial]
[device_type: cpu]
[data_sample_strategy: bagging]
[data: ]
[valid: ]
[num_iterations: 1000]
[learning_rate: 0.03]
[num_leaves: 63]
[num_threads: 4]
[seed: 25]
[deterministic: 0]
[force_col_wise: 0]
[force_row_wise: 0]
[histogram_pool_size: -1]
[max_depth: -1]
[min_data_in_leaf: 20]
[min_sum_hessian_in_leaf: 0.001]
[bagging_fraction: 0.8]
[pos_bagging_fraction: 1]
[neg_bagging_fraction: 1]
[bagging_freq: 0]
[bagging_seed: 14285]
[bagging_by_query: 0]
[feature_fraction: 0.8]
[feature_fraction_bynode: 1]
[feature_fraction_seed: 14195]
[extra_trees: 0]
[extra_seed: 11661]
[early_stopping_round: 0]
[early_stopping_min_delta: 0]
[first_metric_only: 0]
[max_delta_step: 0]
[lambda_l1: 0]
[lambda_l2: 0]
[linear_lambda: 0]
[min_gain_to_split: 0]
[drop_rate: 0.1]
[max_drop: 50]
[skip_drop: 0.5]
[xgboost_dart_mode: 0]
[uniform_drop: 0]
[drop_seed: 9090]
[top_rate: 0.2]
[other_rate: 0.1]
[min_data_per_group: 100]
[max_cat_threshold: 32]
[cat_l2: 10]
[cat_smooth: 10]
[max_cat_to_onehot: 4]
[top_k: 20]
[monotone_constraints: ]
[monotone_constraints_method: basic]
[monotone_penalty: 0]
[feature_contri: ]
[forcedsplits_filename: ]
[refit_decay_rate: 0.9]
[cegb_tradeoff: 1]
[cegb_penalty_split: 0]
[cegb_penalty_feature_lazy: ]
[cegb_penalty_feature_coupled: ]
[path_smooth: 0]
[interaction_constraints: ]
[verbosity: -1]
[saved_feature_importance_type: 0]
[use_quantized_grad: 0]
[num_grad_quant_bins: 4]
[quant_train_renew_leaf: 0]
[stochastic_rounding: 1]
[linear_tree: 0]
[max_bin: 255]
[max_bin_by_feature: ]
[min_data_in_bin: 3]
[bin_construct_sample_cnt: 200000]
[data_random_seed: 120]
[is_enable_sparse: 1]
[enable_bundle: 1]
[use_missing: 1]
[zero_as_missing: 0]
[feature_pre_filter: 1]
[pre_partition: 0]
[two_round: 0]
[header: 0]
[label_column: ]
[weight_column: ]
[group_column: ]
[ignore_column: ]
[categorical_feature: ]
[forcedbins_filename: ]
[precise_float_parser: 0]
[parser_config_file: ]
[objective_seed: 4575]
[num_class: 3]
[is_unbalance: 0]
[scale_pos_weight: 1]
[sigmoid: 1]
[boost_from_average: 1]
[reg_sqrt: 0]
[alpha: 0.9]
[fair_c: 1]
[poisson_max_delta_step: 0.7]
[tweedie_variance_power: 1.5]
[lambdarank_truncation_level: 30]
[lambdarank_norm: 1]
[label_gain: ]
[lambdarank_position_bias_regularization: 0]
[eval_at: ]
[multi_error_top_k: 1]
[auc_mu_weights: ]
[num_machines: 1]
[local_listen_port: 12400]
[time_out: 120]
[machine_list_filename: ]
[machines: ]
[gpu_platform_id: -1]
[gpu_device_id: -1]
[gpu_use_dp: 0]
[num_gpu: 1]

end of parameters

pandas_categorical:null
