tree
version=v4
num_class=3
num_tree_per_iteration=3
label_index=0
max_feature_idx=92
objective=multiclass num_class:3
feature_names=Column_0 Column_1 Column_2 Column_3 Column_4 Column_5 Column_6 Column_7 Column_8 Column_9 Column_10 Column_11 Column_12 Column_13 Column_14 Column_15 Column_16 Column_17 Column_18 Column_19 Column_20 Column_21 Column_22 Column_23 Column_24 Column_25 Column_26 Column_27 Column_28 Column_29 Column_30 Column_31 Column_32 Column_33 Column_34 Column_35 Column_36 Column_37 Column_38 Column_39 Column_40 Column_41 Column_42 Column_43 Column_44 Column_45 Column_46 Column_47 Column_48 Column_49 Column_50 Column_51 Column_52 Column_53 Column_54 Column_55 Column_56 Column_57 Column_58 Column_59 Column_60 Column_61 Column_62 Column_63 Column_64 Column_65 Column_66 Column_67 Column_68 Column_69 Column_70 Column_71 Column_72 Column_73 Column_74 Column_75 Column_76 Column_77 Column_78 Column_79 Column_80 Column_81 Column_82 Column_83 Column_84 Column_85 Column_86 Column_87 Column_88 Column_89 Column_90 Column_91 Column_92
feature_infos=[2.343106746673584:178.1036376953125] [2.4569659681003269:179.01368336177322] [2.343106746673584:175.27566230322219] [2.3787631319478337:178.71033907372009] [41000000:2622057200] [3.180195530144303:97.487589551191363] [-6.4828828111666894:7.3254461884524034] [0.0045576110889383997:0.074093348926051406] [-0.19532940813938149:0.21934594333267121] [11.113184928894045:331.23138427734369] [11.457949638566454:337.56420853417592] [10.90779200144191:330.35291475682118] [11.149862247713038:332.68902516522752] [7425600:319317900] [9.4559710412185041:99.111643005440882] [-9.1440243391352833:10.116572434111902] [0.0034869304571151999:0.071274458346339997] [-0.11078124833437369:0.173883211688353] [-1:1] [10.434157371520996:153.18013000488281] [11.346326719159403:154.23240597819722] [9.8172956034808916:152.07439594599043] [10.086352292693158:154.00947524277967] [3324300:217294200] [3.4722752582759422:97.602183752859673] [-10.557102579386566:5.1593287859715389] [0.0038155922721854999:0.1059644022382243] [-0.23201875032363881:0.26669979252365689] [-1:1] [49.808567047119141:450.64443969726562] [51.190715930905981:452.78581476584628] [49.06995489334205:449.0879146544429] [49.691557018334201:452.06886482401148] [20270000:871026300] [3.9899474651378739:100] [-21.555608297982587:8.92834706151109] [0.0020098473256695:0.060422403482761497] [-0.024634387240041598:0.17565018563893009] [-1:1] [70:193.88999938964844] [71.889999389648438:194.44999694824219] [66:192.52000427246091] [69.300003051757812:193.74000549316409] [1501600:93804200] [5.0106713863692534:99.119892970390595] [-5.4048728656169942:6.6911422718847575] [0.0028724657468173001:0.040138751401655702] [0.0014771860881035001:0.20069551052144691] [-1:1] [9.1400003433227539:82.69000244140625] [9.3100004196166992:89.529998779296875] [8.5600004196166992:72.760002136230469] [9.0100002288818359:82.69000244140625] none [1.0835866007873562:91.666661687164478] [-5.450254300959152:14.577704716716717] [0.0250983600313501:0.29432257682768431] [2.2126604230287223:4.415098705258881] [0.49900001287460322:4.2610001564025879] [0.53799998760223389:4.3239998817443848] [0.39800000190734858:4.2069997787475586] [0.48399999737739557:4.255000114440918] none [1.2903278260660755:90.935695956153239] [-0.3274979659731731:0.20410190241801901] [0.0060552070477927003:0.20468915249381631] [-0.81826805771852884:0.50037031550979794] [71.870002746582031:108.54000091552734] [72.040000915527344:109.29000091552734] [71.30999755859375:108.1999969482422] [71.739997863769531:108.66999816894533] none [8.275864488112461:100] [-1.3723688026576184:2.0514350441877269] [0.0012972580854122:0.0128912865537055] [1.0412974745880359:1.1926650537170618] [5.1995797157287598:85.483741760253906] [5.4176306311342284:85.672472383487573] [5.1010295556481049:84.825619512064392] [5.2626544607487054:85.643438609331298] [3073000:136539000] [5.3232286817455758:99.538755199882416] [-2.9149283967157018:2.0923957690243071] [0.0029260486269769002:0.067775608118082101] [-0.1160363499828047:0.1283426171986827] [3.6804323196411128:38.462478637695312] [3.8412271534111553:38.722488682597181] [3.5017702069782568:38.276762107289073] [3.6030107111585319:38.536768083710413] [9107923:1050592272] none none none
tree_sizes=6561 6591 6567

Tree=0
num_leaves=63
num_cat=0
split_feature=38 18 18 11 15 61 14 38 34 40 14 7 68 6 55 68 16 56 2 40 22 73 56 55 34 25 1 76 87 41 22 24 61 5 18 16 16 24 47 17 0 68 70 25 0 72 72 14 2 6 44 13 50 7 6 8 7 44 47 51 64 7
split_gain=565.857 58.5883 26.2568 22.0476 19.261 17.8358 18.7216 17.5943 21.5223 15.401 22.9925 20.9512 15.4578 20.3871 20.2317 12.4353 14.8179 12.255 17.2802 10.7202 20.3096 10.6274 9.26624 13.6851 9.13804 8.77777 16.4254 10.5191 8.59697 15.0999 11.2495 10.0295 8.57925 8.45776 11.0406 7.9892 13.5799 10.1122 8.75237 9.12723 7.61092 7.56838 7.46952 7.19786 7.10314 6.93207 8.5313 10.0431 7.74134 15.7904 6.71636 6.24622 6.08338 6.05923 5.76887 10.5873 5.50342 5.03228 4.85172 4.82197 4.63357 4.6032
threshold=-1.0000000180025095e-35 -1.0000000180025095e-35 -1.0000000180025095e-35 120.52923612772916 -1.3159888595417042 2.2560000419616704 48.619024524826557 1.0000000180025095e-35 83.649332219753035 160.82500457763675 40.972178623144906 0.011052876418739003 99.104999542236342 0.28269364980002193 0.51570182526856823 75.145000457763686 0.016375719181280755 0.071352694851137169 11.972766909041185 134.254997253418 33.656071994227759 -0.26211807364522594 0.048654892550860959 -0.64073738448415696 59.315005299542868 -0.40849638520216475 33.368550973667404 10.181678771972658 10.297088208155195 106.87500000000001 34.416310204896384 46.986359117552745 2.2855000495910649 38.378383834884559 1.0000000180025095e-35 0.0119517971952706 0.010702034694964802 42.830814379709999 0.11905403384569976 0.033865625767712355 2.9429664611816415 75.434997558593764 80.314998626708999 1.1898504752725148 143.579704284668 62.559611018616934 39.942097065034382 78.117597719495265 40.525365743286194 0.34280817122873947 31.700613657587578 21416050.000000004 19.469999313354496 0.0095977742264733001 0.0028959205055220506 0.074362328947802814 0.013019659174707501 81.596235741759287 0.11898296616311781 23.595000267028812 -0.010698836982186398 0.021732533111237753
decision_type=2 2 2 2 2 2 2 2 2 2 2 2 2 2 2 2 2 2 2 2 2 2 2 2 2 2 2 2 2 2 2 2 2 2 2 2 2 2 2 2 2 2 2 2 2 2 2 2 2 2 2 2 2 2 2 2 2 2 2 2 2 2
left_child=2 5 22 4 -3 21 42 9 19 11 -11 12 13 14 32 16 -13 -12 -19 -9 56 -2 23 -1 -25 26 27 -24 43 31 -31 -30 -6 34 44 36 38 59 39 -4 -39 -42 -7 57 -5 46 -32 48 54 -50 -15 -27 -23 -52 -48 -56 -21 -17 -57 -37 -8 -53
right_child=1 3 35 33 7 6 60 8 -10 10 17 15 -14 50 -16 28 -18 18 -20 20 -22 52 25 24 -26 51 -28 -29 29 30 45 -33 -34 -35 -36 37 -38 40 -40 -41 41 -43 -44 -45 -46 -47 47 -49 49 -51 53 61 -54 -55 55 58 -58 -59 -60 -61 -62 -63
leaf_value=-1.0494217744067615 -1.0521860223400628 -1.0616084900584999 -1.0728878127749018 -1.1060222116512117 -1.0873256251150167 -1.0587456899224379 -1.0953868461003846 -1.1242424518763219 -1.0752800208260411 -1.0623229009637407 -1.1251573178018011 -1.0655328491950542 -1.1223891713881422 -1.0963198960697536 -1.0618309308109608 -1.1256009906466355 -1.121306555892648 -1.121282598068801 -1.0583440359308673 -1.1015537697116475 -1.066388556560361 -1.0996639776861559 -1.0690141217423685 -1.0683614747716328 -1.1143281503864695 -1.0709795490166583 -1.0501855183488518 -1.1198631342252479 -1.108666729919441 -1.0822583820296359 -1.126633285877964 -1.068538976797984 -1.126283467116906 -1.1250216898608001 -1.1286122484353887 -1.0940250288911919 -1.1212945965900132 -1.1286122484353887 -1.0575679622214946 -1.1110749559493698 -1.1081923933634408 -1.0559798356291947 -1.1012714449514993 -1.0875276685942008 -1.0639977912600918 -1.127208461326652 -1.1286122484353887 -1.071778398837262 -1.0631396522063778 -1.1220207560237141 -1.056784337479536 -1.0441031697098297 -1.0671259410064404 -1.0860282385464222 -1.0842201465330636 -1.1286122484353887 -1.1246962683685762 -1.1001073778954462 -1.0937387927025721 -1.0634456651464712 -1.1253353581599144 -1.0635785876155566
leaf_weight=13.601763248443605 16.207781732082367 7.2340499609708777 14.497186914086344 9.5363286882638914 6.5222703665494945 10.021025314927099 6.4837744832038906 147.89659857749939 10.098303854465483 16.248916611075401 15.588302537798883 10.245469287037851 17.308641225099564 10.006673410534857 7.2581457346677771 89.425263032317162 7.3718547075986853 7.3477589339017859 8.4308611601591092 13.93262095749378 8.6553051322698575 11.162636503577234 9.0366102010011655 8.0448516458272916 7.5407636910676947 10.279260724782942 25.408309698104858 6.1556521803140631 10.800722762942316 9.2948456108570081 27.214513868093491 11.654676571488379 23.126475438475609 149.9947789311409 11.843073293566704 15.571215227246286 7.3598068207502356 1.4429987221956242 13.645250350236891 9.2129108309745771 2.637457698583602 47.455620989203453 5.9094646573066703 5.2434761822223654 5.8345383405685434 38.365150690078735 20.284203663468361 6.6332921385765067 8.2258085161447543 8.1706085056066495 17.245379611849788 90.494698062539101 9.6350158005952817 10.117695182561873 10.918801203370096 15.955207496881487 27.506015375256538 7.5575160235166541 4.6330226957797995 6.6115485876798621 16.435247883200645 12.421991154551504
leaf_count=27 34 16 38 35 15 23 21 453 25 39 58 25 55 26 14 335 27 29 18 36 20 37 24 20 28 25 51 21 37 26 109 30 74 534 33 52 28 5 29 29 10 106 18 17 13 146 81 18 20 32 37 165 25 29 31 66 82 21 17 17 59 32
internal_value=-1.09861 -1.11053 -1.06304 -1.11286 -1.11029 -1.0853 -1.0995 -1.11084 -1.118 -1.10738 -1.09129 -1.10938 -1.09686 -1.09091 -1.10672 -1.1133 -1.08887 -1.10629 -1.08765 -1.12018 -1.10819 -1.0704 -1.05591 -1.07141 -1.0906 -1.05297 -1.06494 -1.08962 -1.11487 -1.11078 -1.11422 -1.08784 -1.11771 -1.12223 -1.10684 -1.07404 -1.08405 -1.06798 -1.07671 -1.08773 -1.06069 -1.05873 -1.07452 -1.12176 -1.09007 -1.11634 -1.11225 -1.10702 -1.11045 -1.09248 -1.07529 -1.04868 -1.08459 -1.0676 -1.11613 -1.1081 -1.11692 -1.12361 -1.12076 -1.08491 -1.11686 -1.04645
internal_weight=1201 899.582 301.418 823.727 646.518 75.8549 38.8495 639.284 208.089 431.196 47.6158 383.58 91.5853 74.2766 36.9069 291.994 17.6173 31.3669 15.7786 197.991 50.0939 37.0054 182.984 29.1874 15.5856 153.797 40.6006 15.1923 274.377 172.151 149.695 22.4554 29.6487 177.209 27.2139 118.434 44.7152 73.7188 37.3553 23.7101 51.5361 50.0931 15.9305 102.226 15.3709 140.401 102.035 74.8209 68.1877 16.3964 37.3697 113.196 20.7977 27.3631 51.7912 31.507 41.4386 96.9828 20.5882 22.1828 22.919 102.917
internal_count=3603 2896 707 2679 2064 217 121 2048 616 1432 144 1288 250 195 103 1038 52 105 47 591 138 96 393 75 48 318 96 45 986 613 546 67 89 615 81 314 124 190 96 67 121 116 41 373 48 520 374 265 247 52 92 222 62 66 195 114 118 356 83 69 80 197
is_linear=0
shrinkage=1


Tree=1
num_leaves=63
num_cat=0
split_feature=7 38 7 54 38 13 36 38 38 16 7 7 27 11 1 79 67 6 64 81 69 6 65 73 65 18 24 63 24 65 36 1 65 80 35 43 44 45 44 56 55 51 7 39 74 17 16 45 49 10 1 7 35 6 36 18 7 69 7 80 45 51
split_gain=83.3912 46.3617 38.5197 36.5614 33.826 26.7783 26.6695 26.3549 26.5003 20.6482 13.5236 11.9224 12.4175 11.2153 14.711 11.5432 10.3588 10.1064 14.7508 9.98124 9.93238 9.67172 11.4715 15.7654 9.41305 8.2937 11.6737 8.12908 8.06931 8.77835 7.99178 7.88911 7.58238 7.34081 7.10746 8.77539 7.07429 6.96259 6.92071 6.6101 6.55618 12.2024 6.54111 11.8349 12.2062 12.0608 7.54439 12.5516 6.47461 6.43742 6.41357 6.17467 6.0641 7.97473 7.05668 6.02173 5.99447 5.90299 5.85964 5.79202 5.71179 7.00308
threshold=0.020745989502808704 -1.0000000180025095e-35 0.009830897511147102 66.401323387505229 1.0000000180025095e-35 30553750.000000004 0.0040186195883121509 1.0000000180025095e-35 -1.0000000180025095e-35 0.015459645835023501 0.033113810743916013 0.013069617472589602 0.095870535212812816 241.96115942536554 40.941807391513187 18.897128469746409 101.13999938964845 -0.17465576527865509 0.096223904948832012 68.156657286648922 97.795001983642592 -0.023247087008935997 0.023747414987298505 0.50882959978479658 0.020358715924463252 -1.0000000180025095e-35 21.069405890146744 53.026940277646553 79.913057438579884 0.026208313659778805 0.014805526111882251 115.72999874229477 0.013751866371734301 12831500.000000002 1.3787156666819487 8683150.0000000019 44.187106143158537 0.50217259527547509 66.089185824838452 0.050089918490354511 -0.23943814620715373 22.144999504089366 0.015901494501179152 108.75999832153322 0.0066935466204731007 0.029908460023192456 0.012348679754570602 0.25511097612911021 15.954999923706056 39.805776483329247 43.911516347543724 0.028646979938333355 0.8591841832209185 -0.089780366222702981 0.005681787529657251 1.0000000180025095e-35 0.025291781259018657 98.93500137329103 0.0099074077537946014 15478900.000000002 1.4315628130199374 12.09500026702881
decision_type=2 2 2 2 2 2 2 2 2 2 2 2 2 2 2 2 2 2 2 2 2 2 2 2 2 2 2 2 2 2 2 2 2 2 2 2 2 2 2 2 2 2 2 2 2 2 2 2 2 2 2 2 2 2 2 2 2 2 2 2 2 2
left_child=1 25 16 7 5 11 32 8 9 -2 21 34 36 14 15 -14 52 -7 20 38 28 22 40 -24 -23 26 -1 -11 42 -30 -9 33 -6 56 35 49 -13 -5 48 -36 -10 50 46 -44 45 -45 -19 -48 -16 -4 -42 -35 53 -3 -55 -47 -26 58 -27 -49 61 -60
right_child=3 2 4 37 6 17 -8 30 10 27 -12 12 13 -15 19 -17 -18 18 -20 -21 -22 24 23 -25 31 57 -28 -29 29 -31 -32 -33 -34 51 39 -37 -38 -39 -40 -41 41 -43 43 44 -46 55 47 59 -50 -51 -52 -53 -54 54 -56 -57 -58 -59 60 -61 -62 -63
leaf_value=-1.0386123084866956 -1.0552680436018702 -1.1269197982080192 -1.0816224096660909 -1.0920399728257451 -1.0941388443340148 -1.1127415762800406 -1.1090433433056595 -1.0902604727243794 -1.1109602531960228 -1.0866106890844758 -1.044847120079367 -1.0598530966475961 -1.0825668769321044 -1.0386123084866956 -1.084151153187433 -1.0386123084866956 -1.0808064837471119 -1.1115539202525704 -1.0530114340330985 -1.0561092194614343 -1.057669201731015 -1.0386123084866956 -1.0415515881034905 -1.0924479811227512 -1.0713627959434426 -1.1261983611343469 -1.1195593727073019 -1.116465591314626 -1.0957967362049272 -1.0454620192981063 -1.1187133958354771 -1.0386123084866956 -1.0533700813769322 -1.0729461936128013 -1.0761747134601758 -1.1028253055772299 -1.0983010286665702 -1.1193671143487318 -1.0630222928641384 -1.1072847233699468 -1.050188342710451 -1.1090360093204097 -1.1127602531352736 -1.0560138832983132 -1.1207259488048922 -1.0821780018399121 -1.07872843772938 -1.1221404766610434 -1.1171695394967587 -1.0386123084866956 -1.0922645881582309 -1.0386123084866956 -1.1203895825759742 -1.1071534043986215 -1.0723858208608892 -1.1163390212318773 -1.1139092947770299 -1.079046586653855 -1.079046586653855 -1.0967245710155844 -1.0852124466876565 -1.1125242201716721
leaf_weight=1.6216033697128285 9.7005332261323911 10.778692439198492 6.9881974160671252 12.470517680048941 6.8794796615839031 31.035874560475349 180.85522547364235 22.356760427355766 10.334795713424681 13.464580252766607 20.689843073487282 5.306354612112048 8.3201261609792727 10.337721481919287 10.257852151989942 15.202531591057776 8.0137474089860898 52.402893677353859 7.4805242568254462 8.3033738285303098 5.9144558757543555 11.756624430418013 12.782174423336985 9.5845202356576902 5.7358512282371503 15.11469706892967 143.0757649987936 21.026465743780136 7.2270414978265745 5.4849592596292496 14.743470847606657 6.6891139000654212 10.183212608098982 20.974239706993107 8.0016995221376401 7.7819599956274024 22.870544046163559 25.652193203568459 5.2846110612153998 26.516560837626457 9.3048280477523821 9.3189413845539075 17.262466922402382 14.825930967926977 6.9397190958261481 21.215436011552814 23.039739802479744 14.09418649971485 11.1599975079298 5.6756117939949036 5.0190322101116172 6.0810126364231101 84.307266771793365 16.152629926800731 7.7869512140750876 5.9456083178520194 6.2038437277078629 6.2569782882928839 6.2569782882928839 18.879365846514702 10.508695915341375 55.563399270176888
leaf_count=8 42 22 26 41 21 80 517 76 26 43 98 23 29 51 37 75 30 136 33 36 26 58 62 31 23 29 293 45 24 26 39 33 46 81 31 23 70 56 22 76 42 24 43 65 16 76 85 32 26 28 15 30 202 45 31 15 17 22 22 57 35 131
internal_value=-1.09861 -1.10271 -1.09886 -1.08334 -1.09559 -1.09039 -1.10566 -1.07856 -1.07378 -1.09394 -1.06716 -1.08061 -1.07428 -1.06742 -1.07251 -1.05416 -1.11382 -1.09681 -1.09435 -1.08484 -1.09595 -1.07121 -1.08005 -1.06336 -1.06255 -1.11415 -1.11865 -1.10481 -1.09715 -1.07408 -1.10157 -1.06871 -1.06981 -1.07388 -1.09177 -1.07775 -1.09106 -1.11043 -1.09377 -1.10007 -1.09103 -1.08232 -1.09884 -1.0914 -1.08387 -1.07778 -1.10337 -1.09572 -1.10136 -1.06235 -1.06493 -1.06523 -1.11604 -1.10549 -1.09584 -1.08966 -1.09347 -1.1072 -1.10921 -1.10759 -1.10566 -1.10914
internal_weight=1201 947.111 708.713 253.889 581.673 383.755 197.918 215.767 178.666 44.1916 134.475 152.007 97.0431 68.8662 58.5285 23.5227 127.039 231.748 200.712 35.0058 193.232 113.785 56.3443 22.3667 57.4407 238.398 144.697 34.491 187.317 12.712 37.1002 45.6841 17.0627 38.9949 54.964 20.4458 28.1769 38.1227 26.7025 34.5183 33.9776 23.6428 174.605 66.1892 48.9267 41.987 108.416 56.0133 21.4178 12.6638 14.3239 27.0553 119.026 34.7183 23.9396 27.161 11.9397 93.7007 87.4438 32.9736 72.3291 61.8204
internal_count=3603 2721 2181 882 1851 1267 584 785 670 130 540 553 369 276 225 104 330 714 634 121 601 442 200 93 242 540 301 88 575 50 115 184 67 151 184 77 93 97 85 107 107 81 525 215 172 156 310 174 63 54 57 111 300 98 76 91 40 239 217 89 188 153
is_linear=0
shrinkage=1


Tree=2
num_leaves=63
num_cat=0
split_feature=38 38 81 18 34 63 14 85 45 85 18 16 56 18 5 19 85 44 37 42 25 74 9 6 25 5 85 81 16 45 54 61 65 69 8 34 56 63 72 14 73 5 16 54 14 80 33 72 48 35 37 15 66 74 18 69 25 6 65 81 65 74
split_gain=309.231 96.9089 30.3543 24.1466 22.7359 21.7767 16.6954 16.2467 13.5925 13.7305 13.5685 13.1365 11.8306 14.657 12.0564 12.0248 17.0186 12.6103 10.8005 10.5903 10.486 9.65844 9.42793 11.6568 12.9033 12.2921 8.99646 8.47797 9.43199 8.45939 8.4172 8.35505 7.73184 7.52124 10.4634 10.9448 10.3646 7.30018 7.29829 7.2235 7.1846 8.97061 7.15646 6.99959 8.97145 8.26286 10.9413 9.38437 7.10017 6.98399 8.42655 6.74844 6.5108 6.18219 5.96381 5.94343 10.1038 5.92654 7.63865 5.8276 5.72211 5.64975
threshold=1.0000000180025095e-35 -1.0000000180025095e-35 77.200720118699806 1.0000000180025095e-35 81.281640457162752 49.596824023821803 59.076248526025047 8.3660507202148455 1.8747386594689959 23.679001808166507 -1.0000000180025095e-35 0.012348679754570602 0.082364272122991466 -1.0000000180025095e-35 69.020087450956893 45.074569702148445 11.63267230987549 55.084189877747896 0.14523696025826277 160.55500030517581 0.34410045837575259 0.0031202493917090505 100.04818725585939 0.70382056724892383 -0.57220498234767081 38.778932781436339 9.302826404571535 61.473893766503508 0.0088443931915319525 0.36775304430210559 53.0492605623323 2.5850000381469731 0.012709173995234902 97.045001983642592 0.087695270520348409 60.839573291657025 0.058247553880726159 74.140233334118207 36.688869251638977 58.355531414787656 -0.012590750167326749 56.714701038863417 0.010364277766157752 46.546802374125399 70.394097136142037 16258500.000000002 145187250.00000003 48.894969453198392 1.0000000180025095e-35 0.66435605557330757 0.12150042691949052 -0.19900506511848973 0.13484087172965312 0.0050058331276348509 1.0000000180025095e-35 96.159999847412124 -0.78662635646242041 0.0066711527900073508 0.037066905243650604 58.25631536640234 0.030319990941994255 0.0035616603923110004
decision_type=2 2 2 2 2 2 2 2 2 2 2 2 2 2 2 2 2 2 2 2 2 2 2 2 2 2 2 2 2 2 2 2 2 2 2 2 2 2 2 2 2 2 2 2 2 2 2 2 2 2 2 2 2 2 2 2 2 2 2 2 2 2
left_child=1 27 3 12 7 42 8 -2 9 26 -9 31 13 53 18 16 57 -18 19 21 -13 59 23 24 25 -12 -5 -1 32 -22 -6 -7 -29 34 35 40 -37 43 -34 -35 -23 -42 -4 -26 45 46 48 -47 -45 -8 -51 -30 55 -3 61 -17 -57 -14 -59 -15 -21 -24
right_child=4 2 5 6 30 11 49 10 -10 -11 22 20 15 14 -16 52 17 -19 -20 60 29 33 54 -25 37 -27 -28 28 51 -31 -32 -33 38 39 -36 36 -38 -39 -40 -41 41 -43 -44 44 -46 47 -48 -49 -50 50 -52 -53 -54 -55 -56 56 -58 58 -60 -61 -62 -63
leaf_value=-1.1246882167795968 -1.0474166850896731 -1.1272056740220495 -1.086906560782579 -1.085372329842516 -1.0865832509495308 -1.05223578184677 -1.0488096150823318 -1.1021174083814949 -1.0600226886676061 -1.0738529660342722 -1.0665102394890409 -1.1159711135959836 -1.1235457105492339 -1.0553524352444497 -1.1107630064951388 -1.1208982734459387 -1.0581604655791699 -1.1050575028244161 -1.0688703929713557 -1.1286123076706274 -1.099306452976927 -1.1134813141440174 -1.089820172343599 -1.1076231975125863 -1.0550158192559089 -1.1134222779141703 -1.1156449974082128 -1.0579770031223392 -1.0724029033978371 -1.0609438718619626 -1.1286123086120332 -1.0873128618960575 -1.0589173587933731 -1.064732719293094 -1.1256573379547512 -1.0598574735029671 -1.0995704349288258 -1.0998754014490209 -1.1118611348744523 -1.1072936130542348 -1.0793098922262991 -1.1286123071875904 -1.1179260480121882 -1.0630016565046079 -1.0442014902071073 -1.0803268891657987 -1.1131352290731913 -1.0551309689821176 -1.0987277993470164 -1.1101282964109322 -1.0679882767962838 -1.1209263582062705 -1.1232052537220629 -1.0979199340032213 -1.05523556452302 -1.11913609760391 -1.0722786580250891 -1.0828635902787815 -1.1234309642602331 -1.091878706721682 -1.0985839629829186 -1.0601533452326353
leaf_weight=201.06004677712917 26.837436109781265 26.70942097902298 10.810131654143335 11.295450031757353 9.8330599814653414 24.103595316410065 8.9450279623270053 12.76220954954624 7.6685860008001319 12.34980024397373 8.4696920216083544 8.9161795377731341 22.245929017663002 8.7182317674159986 58.936245366930962 14.611182659864427 11.198828369379045 9.5701201260089857 13.206441253423689 13.300662487745287 8.9740667492151278 29.79610159993171 10.653557330369951 8.9499709755182248 31.139984279870987 12.366791144013403 40.562411174178123 3.7232471257448223 2.6736013591289511 12.214682698249815 7.6056593656539908 8.1873608380556089 2.6953449100255993 11.174732595682146 12.714304774999617 12.02167794108391 11.642963662743567 6.5369572490453711 17.942807301878929 5.2869632840156546 15.240788906812677 4.2470131814479819 17.578828111290932 14.888284057378771 9.7919733077287656 25.676958933472633 9.7099421173334104 27.609741911292076 7.5431159138679496 6.097764968872073 14.253734797239302 73.322849273681641 76.432420536875725 8.5686659067869169 48.129912093281746 7.9294122010469463 8.6700402200221998 9.854803532361986 7.2510890662670127 7.1594586223363867 10.009312406182287 12.622435763478277
leaf_count=466 69 78 25 40 31 67 24 30 23 36 25 33 89 25 224 65 33 35 39 50 31 105 37 33 89 44 115 9 7 35 18 25 8 35 48 36 44 25 41 19 54 19 58 42 25 80 30 79 25 23 44 176 260 29 132 37 29 32 23 24 37 34
internal_value=-1.09861 -1.10722 -1.10033 -1.10314 -1.0717 -1.08433 -1.08999 -1.06958 -1.09777 -1.10228 -1.07199 -1.07442 -1.10633 -1.10218 -1.09922 -1.11249 -1.10174 -1.07977 -1.09482 -1.09724 -1.08868 -1.09359 -1.07035 -1.07434 -1.0724 -1.09435 -1.10905 -1.12113 -1.11401 -1.07719 -1.10491 -1.06113 -1.09777 -1.09697 -1.10054 -1.09617 -1.0794 -1.06896 -1.10495 -1.0784 -1.10422 -1.09005 -1.10611 -1.06736 -1.0714 -1.07452 -1.08653 -1.06727 -1.07502 -1.0709 -1.08061 -1.11922 -1.11849 -1.12009 -1.06126 -1.10694 -1.09466 -1.11334 -1.10006 -1.07182 -1.11572 -1.07373
internal_weight=1201 909.872 608.454 517.67 291.128 90.7848 101.173 273.689 71.8762 64.2077 246.852 62.3959 416.497 248.733 213.455 167.764 60.1208 20.7689 154.519 141.312 30.1049 118.002 234.089 162.683 153.733 20.8365 51.8579 301.418 100.358 21.1887 17.4387 32.291 24.3614 102.125 85.6629 72.9485 23.6646 132.897 20.6382 16.4617 49.2839 19.4878 28.389 126.36 95.22 85.428 32.1413 53.2867 22.4314 29.2965 20.3515 75.9965 107.643 35.2781 71.4059 31.2106 16.5995 39.3518 17.1059 15.8777 23.31 23.276
internal_count=3603 2755 2048 1774 848 274 305 799 214 191 730 191 1469 866 759 603 212 68 535 496 99 409 700 497 464 69 155 707 241 66 49 92 58 360 306 258 80 395 49 54 178 73 83 370 281 256 97 159 67 91 67 183 391 107 203 131 66 144 55 49 87 71
is_linear=0
shrinkage=1


end of trees

feature_importances:
Column_7=12
Column_18=9
Column_6=8
Column_16=8
Column_38=8
Column_65=7
Column_14=6
Column_25=5
Column_44=5
Column_45=5
Column_56=5
Column_1=4
Column_5=4
Column_24=4
Column_34=4
Column_69=4
Column_72=4
Column_74=4
Column_81=4
Column_85=4
Column_35=3
Column_36=3
Column_51=3
Column_54=3
Column_55=3
Column_61=3
Column_63=3
Column_68=3
Column_73=3
Column_80=3
Column_0=2
Column_2=2
Column_8=2
Column_11=2
Column_13=2
Column_15=2
Column_17=2
Column_22=2
Column_37=2
Column_40=2
Column_47=2
Column_64=2
Column_9=1
Column_10=1
Column_19=1
Column_27=1
Column_33=1
Column_39=1
Column_41=1
Column_42=1
Column_43=1
Column_48=1
Column_49=1
Column_50=1
Column_66=1
Column_67=1
Column_70=1
Column_76=1
Column_79=1
Column_87=1

parameters:
[boosting: gbdt]
[objective: multiclass]
[metric: multi_logloss]
[tree_learner: serial]
[device_type: cpu]
[data_sample_strategy: bagging]
[data: ]
[valid: ]
[num_iterations: 1000]
[learning_rate: 0.03]
[num_leaves: 63]
[num_threads: 4]
[seed: 25]
[deterministic: 0]
[force_col_wise: 0]
[force_row_wise: 0]
[histogram_pool_size: -1]
[max_depth: -1]
[min_data_in_leaf: 20]
[min_sum_hessian_in_leaf: 0.001]
[bagging_fraction: 0.8]
[pos_bagging_fraction: 1]
[neg_bagging_fraction: 1]
[bagging_freq: 0]
[bagging_seed: 14285]
[bagging_by_query: 0]
[feature_fraction: 0.8]
[feature_fraction_bynode: 1]
[feature_fraction_seed: 14195]
[extra_trees: 0]
[extra_seed: 11661]
[early_stopping_round: 0]
[early_stopping_min_delta: 0]
[first_metric_only: 0]
[max_delta_step: 0]
[lambda_l1: 0]
[lambda_l2: 0]
[linear_lambda: 0]
[min_gain_to_split: 0]
[drop_rate: 0.1]
[max_drop: 50]
[skip_drop: 0.5]
[xgboost_dart_mode: 0]
[uniform_drop: 0]
[drop_seed: 9090]
[top_rate: 0.2]
[other_rate: 0.1]
[min_data_per_group: 100]
[max_cat_threshold: 32]
[cat_l2: 10]
[cat_smooth: 10]
[max_cat_to_onehot: 4]
[top_k: 20]
[monotone_constraints: ]
[monotone_constraints_method: basic]
[monotone_penalty: 0]
[feature_contri: ]
[forcedsplits_filename: ]
[refit_decay_rate: 0.9]
[cegb_tradeoff: 1]
[cegb_penalty_split: 0]
[cegb_penalty_feature_lazy: ]
[cegb_penalty_feature_coupled: ]
[path_smooth: 0]
[interaction_constraints: ]
[verbosity: -1]
[saved_feature_importance_type: 0]
[use_quantized_grad: 0]
[num_grad_quant_bins: 4]
[quant_train_renew_leaf: 0]
[stochastic_rounding: 1]
[linear_tree: 0]
[max_bin: 255]
[max_bin_by_feature: ]
[min_data_in_bin: 3]
[bin_construct_sample_cnt: 200000]
[data_random_seed: 120]
[is_enable_sparse: 1]
[enable_bundle: 1]
[use_missing: 1]
[zero_as_missing: 0]
[feature_pre_filter: 1]
[pre_partition: 0]
[two_round: 0]
[header: 0]
[label_column: ]
[weight_column: ]
[group_column: ]
[ignore_column: ]
[categorical_feature: ]
[forcedbins_filename: ]
[precise_float_parser: 0]
[parser_config_file: ]
[objective_seed: 4575]
[num_class: 3]
[is_unbalance: 0]
[scale_pos_weight: 1]
[sigmoid: 1]
[boost_from_average: 1]
[reg_sqrt: 0]
[alpha: 0.9]
[fair_c: 1]
[poisson_max_delta_step: 0.7]
[tweedie_variance_power: 1.5]
[lambdarank_truncation_level: 30]
[lambdarank_norm: 1]
[label_gain: ]
[lambdarank_position_bias_regularization: 0]
[eval_at: ]
[multi_error_top_k: 1]
[auc_mu_weights: ]
[num_machines: 1]
[local_listen_port: 12400]
[time_out: 120]
[machine_list_filename: ]
[machines: ]
[gpu_platform_id: -1]
[gpu_device_id: -1]
[gpu_use_dp: 0]
[num_gpu: 1]

end of parameters

pandas_categorical:null
